41.090004
51.290001
70.120003
87.249985
99.289993
104.909996
107.800018
107.879997
103.389977
100.549995
104.040001
104.739990
106.709999
105.769997
105.070000
104.839989
103.700012
106.000000
109.759987
114.009987
114.059998
112.789986
113.779984
116.039986
120.409996
123.029999
123.989990
120.670006
113.320000
41.529999
55.570004
72.960007
87.149986
94.119980
95.429993
95.899994
96.199997
93.860001
91.769997
92.229988
93.820007
97.109978
96.549995
95.709991
95.200005
95.150009
100.269997
105.439995
109.750008
112.970001
110.570015
106.910011
104.299995
105.479996
105.969978
103.440010
98.530006
92.299995
55.529999
71.419998
86.559998
94.139977
95.699974
93.429993
93.309998
94.140007
94.009995
93.450005
92.040009
93.889999
95.789986
95.449997
91.469994
89.510002
90.120003
94.949989
99.139992
102.230003
110.060020
112.770004
112.599983
107.880005
103.790001
100.159988
93.519981
83.689987
74.099998
70.459999
82.980003
93.679993
95.609985
94.410011
93.310005
94.679985
94.859985
96.349991
93.879990
86.909988
85.199989
84.739998
85.340019
82.129997
78.340004
78.610001
80.260010
86.390022
98.700005
104.770004
107.300003
112.710014
112.039986
104.890007
96.389992
88.510010
80.219986
68.949997
84.999992
93.730003
99.400009
102.290001
100.919991
97.139999
96.840004
99.899986
98.139992
88.709976
79.980003
73.269997
69.759995
78.879982
87.899994
85.359985
78.330002
72.359993
73.580002
83.039993
91.330002
105.820015
113.130028
114.409981
107.959999
96.039978
83.260010
76.569992
68.039993
93.790001
98.510017
103.419998
103.260017
101.670006
99.710007
101.829994
103.380020
95.250000
85.450005
74.379990
62.030003
57.579994
70.220001
86.079987
98.059990
94.559990
76.839989
64.360001
65.930000
74.019997
91.269997
104.730011
112.199989
111.760002
102.650002
89.540001
81.480003
76.669998
108.380005
106.859993
106.470001
103.710007
102.520004
103.650002
106.010002
101.839989
93.829987
84.420006
67.219994
55.090000
51.740013
62.570007
82.789993
104.320000
105.680000
88.070007
69.520004
65.219994
70.930008
79.930008
95.979996
105.389999
110.720009
107.439995
99.049988
94.949997
94.089989
121.270004
117.379997
113.759979
109.840004
108.579994
110.080009
110.240013
102.420006
94.589989
78.409988
62.150002
58.419998
59.379997
72.620003
94.000015
112.059998
115.709999
105.350014
95.619987
84.189987
76.629997
75.919998
86.049995
97.040001
107.900002
110.370003
106.410011
102.490013
104.779999
128.249969
121.070007
116.189995
109.909981
106.039993
110.309998
110.789993
105.250000
96.370018
78.290016
73.720001
73.919991
76.669998
91.799995
104.970009
116.659996
120.839996
119.600006
119.249969
112.369987
99.959991
85.809990
85.719994
94.579994
105.610008
111.309982
110.670013
108.680000
108.989998
134.389999
129.089981
120.860016
109.419991
104.219986
105.349976
102.829987
102.470001
102.700012
91.250000
92.670013
104.790009
113.950005
123.840019
128.740005
131.919998
131.849991
134.209991
137.379990
136.940002
126.199989
108.599991
95.290001
95.490005
105.550003
112.220001
112.300018
111.439987
110.380005
132.550018
125.869980
116.539993
107.109962
98.909988
92.360001
93.180000
98.999985
107.429985
108.330009
119.940010
141.380005
152.860016
161.039978
161.849976
159.080002
160.139999
161.060013
164.680008
168.750015
157.360001
135.400009
112.510010
104.740013
107.299995
111.909996
113.680000
112.290001
111.970001
132.040009
125.189987
112.520004
101.000008
89.840004
79.930008
83.639992
97.530006
113.529999
122.839996
145.599991
167.779984
182.410019
200.720001
201.129990
196.660004
195.110016
189.290039
194.729996
193.270004
188.209976
170.199997
142.419983
122.549995
115.069984
114.669998
113.779999
111.749992
112.009979
129.480011
124.310005
110.010002
94.070000
78.539993
73.309982
87.389999
107.980003
121.280006
141.759995
159.639984
174.209991
201.059998
227.830002
239.060013
235.289993
229.120041
220.520004
213.040024
209.710007
211.639999
202.189972
175.559982
148.300003
126.530006
113.959969
112.010002
111.310005
111.259964
128.210007
121.889999
104.820000
89.539993
76.009987
76.930000
99.909996
124.200012
140.919998
161.509995
162.529984
177.369980
209.580002
236.270020
255.850006
257.739960
250.669998
236.449966
218.940002
218.439957
228.019989
229.119995
209.509995
178.239990
143.360001
120.179977
115.520004
111.580017
108.049995
124.500008
119.829994
107.470001
91.129997
82.829994
94.310005
126.390015
150.260010
168.309967
176.929993
170.880020
183.489975
210.399933
240.819992
256.419983
258.489990
250.119965
239.379990
226.070007
216.639999
223.800003
238.649994
227.189987
191.589981
150.389999
123.459999
117.990005
116.129997
111.180008
117.330009
114.660004
108.459999
91.520020
95.020004
116.470016
154.119995
181.329987
193.209991
188.889954
185.539993
189.290039
208.920013
228.769974
235.019989
237.040024
228.359970
220.000031
214.450027
211.940018
222.070038
235.050018
227.040024
190.780014
148.710007
119.620010
111.469994
111.189995
112.759995
114.409996
110.579994
108.769989
107.779999
123.040001
144.770004
186.759995
210.190018
205.350006
190.699982
186.939987
189.350006
203.170013
203.010025
202.900024
201.640015
188.370010
183.389999
187.940002
199.239975
218.990005
230.060013
220.080017
186.360016
143.669998
112.690025
103.760010
102.440002
106.850006
110.619995
107.639999
110.519989
122.329971
144.479996
173.349991
213.070007
226.550049
203.219971
187.069992
182.990005
187.720001
190.660034
176.229996
168.830002
161.079987
152.120010
152.200012
161.359985
181.199997
206.360016
227.529999
216.530014
178.239990
135.669998
105.119995
97.650009
96.489998
102.420006
107.260017
102.639992
109.809998
119.029999
141.589996
189.259995
221.659988
224.430023
196.230026
180.530029
177.009979
176.109985
167.539993
147.400024
135.839981
134.040009
133.190018
130.779984
137.930023
160.099991
185.740005
205.809982
198.899994
167.699982
131.029984
100.970009
93.049995
95.670006
108.220001
107.859985
105.070000
110.800011
119.459999
145.070007
180.420029
204.060028
208.560013
191.379974
174.990005
166.639999
160.399994
149.210007
131.710007
120.359993
126.320000
127.220001
124.549988
129.199982
142.899994
161.859985
173.709961
168.859985
146.979996
123.270012
101.910004
94.419991
99.970009
114.890007
109.059998
108.789978
113.379990
120.649971
140.070007
158.600021
172.940002
181.660004
179.549973
175.409988
177.870010
165.160004
146.110016
132.470001
120.819992
125.020020
125.909996
125.470009
123.900009
124.929977
128.970001
130.629990
133.000000
126.189987
115.619995
105.050011
99.329994
108.419991
123.669968
111.649986
110.000000
116.449989
124.139984
128.520004
140.529999
152.840027
161.710007
173.119995
183.589996
189.360001
183.140015
168.159988
141.929977
122.900009
120.430000
122.670006
124.880005
119.990013
111.659996
106.469994
101.680000
103.689995
106.250000
106.669991
107.529991
106.849998
115.119995
126.369987
111.390007
110.220009
116.729980
123.759995
127.079987
133.609985
144.969986
153.849991
164.339996
175.429993
184.090012
182.630005
169.950043
150.339996
132.170013
120.810005
116.730011
118.230003
119.510010
115.699997
107.029999
98.039993
95.959991
100.450005
106.440002
109.229973
114.269997
123.559990
131.600006
113.029984
108.670006
114.239990
119.120003
124.589989
131.159988
139.799973
143.470016
149.990021
160.460022
169.120041
174.769989
160.199997
146.239990
134.249985
124.139984
117.349983
116.439995
118.609993
113.830002
104.920006
100.639992
100.590004
104.440002
108.790001
113.809998
122.839989
131.779984
139.669998
123.130013
110.470016
108.039986
112.349998
119.539970
126.630005
134.010010
135.479996
134.309998
141.440002
145.319977
151.119980
151.349991
139.320007
128.859985
122.209999
119.470009
117.120010
113.690002
111.389992
110.470001
110.680000
112.700012
115.610001
115.309990
122.539986
132.650009
139.860016
142.919998
133.670013
116.709991
110.350006
109.679985
115.629997
123.059967
126.880005
125.859985
121.359993
121.179985
125.620026
126.120010
127.360008
121.290001
117.109993
117.929993
119.129967
119.250000
113.560005
111.400002
115.370010
121.400002
125.099998
122.970016
116.419983
124.219994
137.560013
141.679993
135.630005
146.600006
130.239990
121.199997
116.149986
115.129974
117.519997
119.599991
118.299980
114.309990
111.040009
115.220001
119.260010
117.859993
113.360001
111.069992
115.590004
120.070007
123.839996
120.969978
115.100014
112.849991
117.429985
122.760002
117.889984
107.359993
115.530006
133.139999
135.470016
122.159996
152.369980
141.129990
135.809998
130.429993
126.349983
124.000000
120.699997
116.089973
111.610008
111.909981
114.419983
116.070000
115.089989
112.040016
111.019997
113.860008
119.360008
122.180008
118.799988
112.789993
106.929985
105.869995
109.259995
106.070015
95.610001
102.759995
122.069984
123.419991
109.379997
156.969986
150.859985
151.969986
150.769974
148.110016
143.719986
136.779999
130.029999
124.610001
124.260002
125.599998
124.089996
122.669983
121.369987
119.979996
120.590004
122.890007
125.160011
121.879997
112.890007
106.510002
104.800011
105.980003
103.380005
93.490005
95.549988
115.699997
122.519989
114.489990
